%YAML:1.0
person_0: !!opencv-matrix
   rows: 4
   cols: 4
   dt: f
   data: [ 3.75560132e+03, 7.84093170e+01, 5.06980621e+02,
       -6.79554749e+02, 7.84093170e+01, 5.12776123e+02, 3.56596909e+01,
       -1.29466381e+01, 5.06980621e+02, 3.56596909e+01, 3.38986011e+03,
       -6.51016663e+02, -6.79554749e+02, -1.29466381e+01,
       -6.51016663e+02, 2.23777246e+03 ]
